STATIONS_ID;MESS_DATUM;QN_3;  FX;  FM;QN_4; RSK;RSKF; SDK;SHK_TAG;  NM; VPM;  PM; TMK; UPM; TXK; TNK; TGK;eor
        403;20190101;-999;-999;-999;    3;   2.2;   8;    0.633;   0;   7.2;   8.0; 1007.15;    6.4;   82.33;    8.5;    3.1;    2.1;eor
        403;20190102;-999;-999;-999;    3;   0.1;   7;    1.250;   0;   4.1;   4.3; 1013.65;    1.8;   61.83;    3.5;   -1.5;   -3.6;eor
        403;20190103;-999;-999;-999;    3;   0.0;   7;    0.000;   0;   4.2;   4.9; 1022.47;   -0.4;   82.58;    1.5;   -2.5;   -5.2;eor
        403;20190104;-999;-999;-999;    3;   1.9;   6;    0.000;   0;   7.6;   6.8; 1017.32;    1.8;   97.71;    4.7;   -1.0;   -1.5;eor
        403;20190105;-999;-999;-999;    3;   0.0;   8;    0.433;   0;   7.3;   8.7; 1009.96;    6.0;   92.63;    7.9;    2.4;    0.1;eor
        403;20190106;-999;-999;-999;    3;   0.2;   8;    0.633;   0;   6.7;   6.1; 1017.64;    2.0;   87.04;    3.3;    0.0;   -2.2;eor
        403;20190107;-999;-999;-999;    3;   6.5;   6;    0.000;   0;   7.6;   7.6; 1014.93;    3.0;   99.13;    5.6;   -0.3;   -2.4;eor
        403;20190108;-999;-999;-999;    3;  10.2;   8;    0.000;   0;   7.3;   8.1;  991.73;    4.6;   95.50;    6.0;    2.1;    1.7;eor
        403;20190109;-999;-999;-999;    3;   2.3;   8;    0.000;   0;   7.9;   6.7;  996.97;    1.9;   95.00;    2.9;    1.0;    0.4;eor
        403;20190110;-999;-999;-999;    3;   0.0;   8;    0.467;   0;   7.3;   5.5; 1012.08;    0.9;   83.13;    2.0;    0.0;   -0.6;eor
        403;20190111;-999;-999;-999;    3;   1.5;   8;    0.000;   0;   7.8;   6.9; 1006.65;    2.2;   95.25;    5.4;   -0.2;   -0.5;eor
        403;20190112;-999;-999;-999;    3;   3.8;   6;    0.000;   0;   7.9;   7.9; 1000.15;    4.9;   90.88;    5.8;    4.0;    3.4;eor
        403;20190113;-999;-999;-999;    3;   4.0;   8;    0.000;   0;   7.8;   8.9;  985.71;    6.1;   94.21;    7.9;    5.0;    4.4;eor
        403;20190114;-999;-999;-999;    3;   0.0;   8;    3.833;   0;   4.0;   4.5;  991.11;    2.5;   61.63;    6.0;    0.2;   -1.0;eor
        403;20190115;-999;-999;-999;    3;   1.6;   8;    0.000;   0;   7.4;   7.0;  999.09;    3.9;   85.33;    6.5;    1.3;    0.0;eor
        403;20190116;-999;-999;-999;    3;   0.0;   6;    0.000;   0;   7.8;   7.9;  996.63;    6.1;   83.58;    7.0;    2.8;    1.0;eor
        403;20190117;-999;-999;-999;    3;   3.3;   8;    1.817;   0;   7.2;   6.6;  989.95;    4.4;   79.04;    7.3;    1.7;    0.7;eor
        403;20190118;-999;-999;-999;    3;   0.0;   7;    7.733;   1;   5.0;   5.1; 1005.23;    0.4;   80.71;    2.1;   -1.4;   -3.1;eor
        403;20190119;-999;-999;-999;    3;   0.0;   0;    6.100;   0;   5.1;   5.1; 1010.10;   -0.2;   84.88;    3.3;   -4.2;   -6.4;eor
        403;20190120;-999;-999;-999;    3;   0.0;   0;    7.583;   0;   2.7;   4.6; 1010.07;   -2.7;   91.83;    1.9;   -6.2;   -8.4;eor
        403;20190121;-999;-999;-999;    3;   0.0;   7;    2.567;   0;   6.7;   4.5; 1011.70;   -3.5;   94.17;   -2.0;   -4.9;   -6.8;eor
        403;20190122;-999;-999;-999;    3;   0.0;   7;    6.067;   0;   2.9;   4.0; 1002.30;   -3.5;   86.29;    0.7;   -5.6;   -7.7;eor
        403;20190123;-999;-999;-999;    3;   0.0;   7;    2.900;   0;   6.6;   3.6;  996.22;   -5.5;   89.04;   -3.5;   -6.8;   -7.3;eor
        403;20190124;-999;-999;-999;    3;   0.0;   7;    0.000;   0;   7.9;   3.6; 1002.60;   -3.9;   78.38;   -3.3;   -4.5;   -4.2;eor
        403;20190125;-999;-999;-999;    3;   0.7;   7;    1.367;   0;   7.5;   3.8; 1004.30;   -3.7;   81.42;   -2.3;   -4.6;   -4.5;eor
        403;20190126;-999;-999;-999;    3;   5.0;   8;    0.000;   1;   8.0;   6.4;  992.63;    0.6;   98.00;    3.6;   -3.2;   -3.3;eor
        403;20190127;-999;-999;-999;    3;   2.7;   6;    0.000;   0;   7.3;   7.6;  980.55;    4.0;   93.42;    6.0;    2.4;    0.8;eor
        403;20190128;-999;-999;-999;    3;   1.8;   8;    4.267;   0;   6.8;   6.9;  981.84;    3.0;   90.79;    5.7;    1.1;   -1.1;eor
        403;20190129;-999;-999;-999;    3;   0.0;   7;    0.717;   0;   6.8;   6.1;  992.87;    0.9;   93.71;    3.2;   -2.0;   -4.1;eor
        403;20190130;-999;-999;-999;    3;   0.0;   0;    5.967;   0;   5.1;   4.9;  990.88;   -0.5;   83.38;    3.1;   -3.0;   -4.9;eor
        403;20190131;-999;-999;-999;    3;   0.0;   0;    2.617;   0;   6.0;   5.0;  990.59;    0.1;   82.63;    4.7;   -2.2;   -4.8;eor
        403;20190201;-999;-999;-999;    3;   1.3;   8;    0.000;   0;   5.5;   5.1;  987.02;   -0.7;   87.25;    1.9;   -3.6;   -5.9;eor
        403;20190202;-999;-999;-999;    3;   1.1;   8;    0.000;   0;   8.0;   6.3;  987.77;    0.7;   98.13;    1.4;    0.3;   -0.1;eor
        403;20190203;-999;-999;-999;    3;   0.0;   6;    0.000;   0;   7.6;   6.4; 1003.76;    1.0;   97.29;    1.8;   -0.5;   -2.0;eor
        403;20190204;-999;-999;-999;    3;   0.1;   7;    7.783;   0;   3.8;   5.5; 1016.62;    1.0;   85.50;    6.0;   -1.7;   -3.7;eor
        403;20190205;-999;-999;-999;    3;   0.0;   7;    0.000;   0;   7.6;   5.6; 1016.05;    2.1;   78.58;    3.7;   -0.3;   -2.1;eor
        403;20190206;-999;-999;-999;    3;   0.0;   0;    6.783;   0;   7.0;   5.7; 1014.57;    3.1;   75.63;    7.0;   -0.2;   -3.2;eor
        403;20190207;-999;-999;-999;    3;   0.2;   6;    0.683;   0;   6.5;   5.1; 1003.02;    2.3;   71.04;    5.4;   -0.5;   -2.5;eor
        403;20190208;-999;-999;-999;    3;   0.0;   4;    3.633;   0;   5.1;   6.8; 1003.30;    5.2;   76.75;    8.3;    1.9;   -1.9;eor
        403;20190209;-999;-999;-999;    3;   0.9;   8;    3.433;   0;   6.2;   6.7;  995.14;    7.5;   65.29;   11.1;    5.0;    2.7;eor
        403;20190210;-999;-999;-999;    3;  10.6;   8;    0.000;   0;   6.8;   8.4;  988.25;    6.2;   88.21;    8.5;    3.7;   -0.1;eor
        403;20190211;-999;-999;-999;    3;   0.2;   6;    1.750;   0;   5.5;   6.3;  996.55;    4.3;   76.33;    7.4;    0.9;   -0.1;eor
        403;20190212;-999;-999;-999;    3;   0.1;   6;    5.383;   0;   5.6;   5.3; 1016.93;    3.1;   70.29;    5.8;    1.0;   -2.5;eor
        403;20190213;-999;-999;-999;    3;   0.3;   6;    0.000;   0;   8.0;   8.7; 1021.63;    6.1;   91.83;    8.0;    3.6;    2.6;eor
        403;20190214;-999;-999;-999;    3;   0.0;   0;    6.100;   0;   3.8;   7.8; 1024.85;    6.2;   82.50;   10.6;   -0.2;   -3.2;eor
        403;20190215;-999;-999;-999;    3;   0.0;   0;    9.633;   0;   1.8;   5.6; 1023.23;    4.5;   72.17;   14.0;   -2.0;   -4.1;eor
        403;20190216;-999;-999;-999;    3;   0.0;   0;    9.783;   0;   1.0;   5.8; 1016.30;    5.9;   68.38;   16.6;   -1.3;   -4.2;eor
        403;20190217;-999;-999;-999;    3;   0.0;   0;    9.000;   0;   4.8;   6.5; 1014.21;    4.8;   78.13;   14.4;   -1.2;   -3.7;eor
        403;20190218;-999;-999;-999;    3;   0.0;   0;    9.600;   0;   2.0;   6.4; 1009.15;    5.8;   73.92;   15.4;   -1.3;   -4.0;eor
        403;20190219;-999;-999;-999;    3;   0.5;   6;    0.900;   0;   6.1;   7.3; 1005.39;    6.2;   77.25;    9.8;    1.5;   -2.9;eor
        403;20190220;-999;-999;-999;    3;   0.3;   6;    1.700;   0;   6.8;   7.8; 1010.97;    7.5;   75.75;   10.1;    5.4;    1.7;eor
        403;20190221;-999;-999;-999;    3;   3.3;   6;    1.050;   0;   7.4;   9.0; 1013.34;    8.0;   83.04;   10.6;    5.7;    1.9;eor
        403;20190222;-999;-999;-999;    3;   0.1;   6;    7.000;   0;   3.5;   5.8; 1026.67;    3.4;   69.42;    8.6;   -2.5;   -5.3;eor
        403;20190223;-999;-999;-999;    3;   0.0;   0;    9.083;   0;   3.2;   3.4; 1033.40;   -0.2;   57.92;    5.1;   -4.0;   -5.8;eor
        403;20190224;-999;-999;-999;    3;   0.0;   0;    7.800;   0;   2.3;   3.9; 1028.89;    2.8;   55.46;   12.5;   -3.3;   -5.1;eor
        403;20190225;-999;-999;-999;    3;   0.0;   0;    9.683;   0;   4.1;   5.9; 1026.35;    5.9;   64.46;   13.7;   -1.9;   -4.5;eor
        403;20190226;-999;-999;-999;    3;   0.0;   0;    2.150;   0;   4.9;   7.4; 1022.65;    6.4;   76.54;   11.4;    2.2;   -2.0;eor
        403;20190227;-999;-999;-999;    3;   0.0;   0;    9.883;   0;   1.3;   5.6; 1015.17;    7.0;   62.29;   16.2;   -0.1;   -2.6;eor
        403;20190228;-999;-999;-999;    3;   0.0;   6;    7.750;   0;   3.8;   7.4; 1001.68;    7.8;   69.46;   12.6;    2.3;   -2.5;eor
        403;20190301;-999;-999;-999;    3;   0.0;   6;    0.000;   0;   7.6;   7.2; 1002.22;    4.3;   85.71;    5.4;    2.7;   -0.6;eor
        403;20190302;-999;-999;-999;    3;   0.4;   6;    0.000;   0;   7.5;   6.2; 1004.89;    3.8;   77.46;    5.5;    2.4;   -0.1;eor
        403;20190303;-999;-999;-999;    3;   1.0;   6;    0.000;   0;   7.8;   9.8;  996.03;    8.7;   86.83;   11.5;    4.1;    3.1;eor
        403;20190304;-999;-999;-999;    3;   2.7;   6;    1.667;   0;   5.7;   8.6;  983.77;    9.5;   72.63;   15.1;    6.1;    3.9;eor
        403;20190305;-999;-999;-999;    3;   0.8;   8;    3.117;   0;   5.2;   7.0;  992.50;    6.0;   75.63;    8.9;    1.7;   -1.9;eor
        403;20190306;-999;-999;-999;    3;   1.2;   6;    7.233;   0;   5.5;   7.0;  997.98;    6.7;   73.33;   12.7;    0.1;   -2.9;eor
        403;20190307;-999;-999;-999;    3;   0.2;   6;    1.950;   0;   5.7;   8.6;  987.66;   10.3;   69.25;   16.8;    7.2;    3.7;eor
        403;20190308;-999;-999;-999;    3;   2.2;   6;    3.833;   0;   4.1;   7.2;  996.02;    7.6;   68.50;    9.6;    4.5;   -0.4;eor
        403;20190309;-999;-999;-999;    3;   6.9;   8;    2.067;   0;   6.7;   7.9;  995.64;    7.1;   79.04;   11.6;    4.5;    2.5;eor
        403;20190310;-999;-999;-999;    3;  13.7;   8;    0.800;   0;   6.7;   7.2;  993.36;    4.4;   86.25;    7.7;    0.4;    0.0;eor
        403;20190311;-999;-999;-999;    3;   3.0;   6;    1.833;   0;   7.1;   7.0; 1000.67;    3.1;   91.67;    5.3;    1.3;    0.1;eor
        403;20190312;-999;-999;-999;    3;   0.7;   6;    3.217;   0;   7.1;   6.4; 1005.21;    5.4;   73.17;    9.5;    1.8;    1.3;eor
        403;20190313;-999;-999;-999;    3;   1.6;   6;    3.583;   0;   6.6;   6.4;  991.86;    7.3;   63.29;    9.6;    4.6;    2.1;eor
        403;20190314;-999;-999;-999;    3;  10.6;   6;    0.117;   0;   7.6;   8.3;  988.01;    5.7;   90.54;    8.4;    4.0;    3.1;eor
        403;20190315;-999;-999;-999;    3;   1.0;   6;    0.817;   0;   6.3;   8.1;  988.32;    7.5;   78.54;   10.0;    5.5;    4.5;eor
        403;20190316;-999;-999;-999;    3;   5.4;   6;    1.400;   0;   6.9;   8.0;  994.65;    6.5;   81.83;    8.7;    4.6;    3.8;eor
        403;20190317;-999;-999;-999;    3;   0.9;   8;    2.650;   0;   6.5;   8.1;  991.45;    8.3;   74.29;   13.0;    3.9;    1.1;eor
        403;20190318;-999;-999;-999;    3;   1.1;   8;    3.150;   0;   4.7;   6.5; 1001.68;    5.0;   75.38;    8.9;    2.8;    0.2;eor
        403;20190319;-999;-999;-999;    3;   0.0;   8;    3.550;   0;   4.3;   6.1; 1015.07;    4.4;   73.67;    8.3;   -0.6;   -3.5;eor
        403;20190320;-999;-999;-999;    3;   0.0;   0;    8.933;   0;   4.6;   6.5; 1022.39;    6.9;   68.75;   12.8;   -2.6;   -4.4;eor
        403;20190321;-999;-999;-999;    3;   0.0;   6;    0.717;   0;   6.3;  10.0; 1023.55;    9.5;   84.54;   11.9;    4.8;    0.9;eor
        403;20190322;-999;-999;-999;    3;   0.0;   0;    2.683;   0;   5.1;  10.1; 1022.17;    8.4;   91.96;   11.8;    4.7;    1.0;eor
        403;20190323;-999;-999;-999;    3;   0.0;   0;   10.317;   0;   5.1;   9.6; 1017.09;    9.5;   81.92;   16.2;    4.1;    1.0;eor
        403;20190324;-999;-999;-999;    3;   0.0;   8;    7.517;   0;   4.8;   6.6; 1014.91;    6.6;   69.75;   12.0;    2.5;   -1.6;eor
        403;20190325;-999;-999;-999;    3;   4.1;   8;    3.983;   0;   5.1;   6.8; 1006.07;    4.3;   82.33;    7.9;    1.4;   -0.3;eor
        403;20190326;-999;-999;-999;    3;   1.1;   8;    2.517;   0;   5.7;   7.2; 1014.01;    4.9;   83.83;    7.8;    1.6;   -0.4;eor
        403;20190327;-999;-999;-999;    3;   2.4;   6;    0.483;   0;   7.2;   9.0; 1019.19;    7.3;   87.92;    9.9;    3.3;   -0.3;eor
        403;20190328;-999;-999;-999;    3;   0.8;   6;    0.000;   0;   8.0;  11.0; 1022.39;    8.7;   98.04;   10.0;    7.9;    7.6;eor
        403;20190329;-999;-999;-999;    3;   0.0;   0;    0.000;   0;   6.8;  10.1; 1021.75;    9.4;   86.58;   12.1;    4.1;    0.3;eor
        403;20190330;-999;-999;-999;    3;   0.0;   0;   11.250;   0;   4.2;   8.2; 1012.55;   10.2;   70.21;   18.6;    2.2;   -1.1;eor
        403;20190331;-999;-999;-999;    3;   0.0;   0;    6.300;   0;   2.7;   6.8; 1012.98;    8.0;   63.29;   11.9;    1.4;   -3.4;eor
        403;20190401;-999;-999;-999;    3;   0.0;   0;   12.417;   0;   0.1;   4.8; 1016.39;    5.7;   54.63;   12.2;   -2.0;   -5.2;eor
        403;20190402;-999;-999;-999;    3;   0.0;   0;   10.750;   0;   3.3;   5.9; 1003.67;    8.8;   51.71;   15.7;    2.1;   -1.9;eor
        403;20190403;-999;-999;-999;    3;   0.0;   0;    8.767;   0;   6.3;   8.8;  994.09;   13.1;   59.50;   19.7;    7.1;    3.8;eor
        403;20190404;-999;-999;-999;    3;   0.0;   0;   11.483;   0;   3.2;   9.2;  989.57;   14.4;   56.75;   20.9;    7.8;    2.3;eor
        403;20190405;-999;-999;-999;    3;   0.0;   0;    5.067;   0;   5.6;   9.7;  995.58;   10.4;   77.25;   14.6;    6.0;    2.7;eor
        403;20190406;-999;-999;-999;    3;   0.0;   0;   11.683;   0;   1.5;   9.2;  997.80;   14.6;   58.50;   22.1;    7.1;    3.0;eor
        403;20190407;-999;-999;-999;    3;   0.0;   0;   12.200;   0;   0.4;   8.0;  998.56;   13.7;   52.25;   19.8;    6.5;    1.4;eor
        403;20190408;-999;-999;-999;    3;   0.0;   6;   11.017;   0;   0.7;   8.0; 1000.70;   11.9;   60.04;   20.0;    4.0;    0.0;eor
        403;20190409;-999;-999;-999;    3;   0.0;   0;   11.317;   0;   3.2;   6.7; 1005.07;    7.1;   67.71;   12.4;    3.3;   -1.2;eor
        403;20190410;-999;-999;-999;    3;   0.0;   0;    6.833;   0;   5.0;   5.5; 1008.37;    5.6;   61.88;   10.5;    1.1;   -2.9;eor
        403;20190411;-999;-999;-999;    3;   0.0;   8;    3.950;   0;   6.2;   5.4; 1014.72;    3.9;   67.29;    6.5;    1.2;   -1.0;eor
        403;20190412;-999;-999;-999;    3;   0.0;   7;    0.000;   0;   7.8;   5.7; 1016.10;    3.3;   73.75;    4.8;    2.1;    1.9;eor
        403;20190413;-999;-999;-999;    3;   0.0;   8;    0.250;   0;   7.6;   5.7; 1014.49;    4.7;   66.54;    7.6;    2.2;    1.1;eor
        403;20190414;-999;-999;-999;    3;   1.5;   6;    0.117;   0;   6.9;   7.3; 1015.41;    5.9;   79.33;    9.9;    2.7;   -0.4;eor
        403;20190415;-999;-999;-999;    3;   0.0;   0;   13.217;   0;   0.3;   5.6; 1017.56;    7.9;   54.83;   13.8;    1.7;   -2.4;eor
        403;20190416;-999;-999;-999;    3;   0.0;   0;   13.000;   0;   0.4;   5.3; 1014.05;    9.2;   48.92;   16.3;    1.2;   -3.8;eor
        403;20190417;-999;-999;-999;    3;   0.0;   0;   13.250;   0;   0.8;   6.6; 1017.69;   11.2;   48.63;   18.6;    2.8;   -2.5;eor
        403;20190418;-999;-999;-999;    3;   0.0;   0;   13.083;   0;   0.4;   7.0; 1020.49;   13.6;   48.54;   21.3;    5.3;   -0.2;eor
        403;20190419;-999;-999;-999;    3;   0.0;   0;   13.267;   0;   0.0;   7.0; 1022.80;   15.1;   42.29;   22.5;    7.8;    1.8;eor
        403;20190420;-999;-999;-999;    3;   0.0;   0;   13.483;   0;   1.8;   7.4; 1020.34;   13.2;   50.75;   21.5;    4.0;   -0.6;eor
        403;20190421;-999;-999;-999;    3;   0.0;   0;   13.733;   0;   1.2;   7.6; 1013.59;   14.0;   47.58;   21.1;    5.8;    0.0;eor
        403;20190422;-999;-999;-999;    3;   0.0;   0;   13.600;   0;   1.1;   7.8; 1007.75;   13.3;   51.04;   19.1;    7.2;    0.6;eor
        403;20190423;-999;-999;-999;    3;   0.0;   6;    8.900;   0;   3.7;   8.3; 1000.33;   14.4;   51.17;   19.8;    9.3;    5.2;eor
        403;20190424;-999;-999;-999;    3;   0.2;   6;   11.050;   0;   4.1;  11.2;  997.23;   17.0;   58.42;   23.3;   11.6;    8.6;eor
        403;20190425;-999;-999;-999;    3;   0.0;   0;   13.033;   0;   3.6;  10.9; 1001.12;   18.4;   54.71;   25.4;   12.6;    8.4;eor
        403;20190426;-999;-999;-999;    3;   2.4;   6;   10.450;   0;   5.8;  12.4;  998.90;   18.0;   60.38;   24.0;   10.2;    7.3;eor
        403;20190427;-999;-999;-999;    3;   0.4;   6;    2.567;   0;   6.3;  10.7; 1002.51;   12.9;   74.13;   18.1;    9.4;    5.0;eor
        403;20190428;-999;-999;-999;    3;   0.4;   6;    2.117;   0;   7.2;   9.8; 1007.47;   10.1;   80.33;   13.1;    8.1;    7.9;eor
        403;20190429;-999;-999;-999;    3;   1.1;   6;    4.100;   0;   5.4;   9.8; 1008.07;   10.3;   78.33;   17.1;    5.5;    3.7;eor
        403;20190430;-999;-999;-999;    3;   0.5;   6;   13.350;   0;   2.5;   6.2; 1007.78;   10.7;   51.88;   18.1;    3.5;    1.6;eor
        403;20190501;-999;-999;-999;    3;   0.0;   6;    9.367;   0;   5.3;  10.5; 1002.47;   12.5;   73.63;   17.2;    7.7;    4.4;eor
        403;20190502;-999;-999;-999;    3;   1.0;   6;    0.150;   0;   7.6;   9.8;  996.51;    9.9;   80.17;   13.2;    7.0;    5.6;eor
        403;20190503;-999;-999;-999;    3;   0.0;   6;    5.567;   0;   6.3;   6.6;  998.00;    8.4;   60.38;   11.3;    5.5;    4.1;eor
        403;20190504;-999;-999;-999;    3;   0.0;   6;    3.917;   0;   5.4;   6.6;  997.40;    6.7;   68.17;   11.1;    1.4;   -3.3;eor
        403;20190505;-999;-999;-999;    3;   0.0;   0;    7.517;   0;   2.8;   5.8; 1006.02;    6.3;   64.67;   11.9;   -0.3;   -4.5;eor
        403;20190506;-999;-999;-999;    3;   0.6;   6;    6.733;   0;   5.0;   7.0; 1007.52;    7.9;   66.29;   13.1;    2.6;   -2.2;eor
        403;20190507;-999;-999;-999;    3;   0.0;   0;    8.650;   0;   3.9;   6.7; 1007.55;    8.1;   65.58;   13.8;    2.0;   -2.1;eor
        403;20190508;-999;-999;-999;    3;   0.2;   6;    8.700;   0;   5.7;   7.8;  997.95;   11.3;   62.25;   18.7;    0.9;   -3.4;eor
        403;20190509;-999;-999;-999;    3;   0.9;   6;    3.783;   0;   6.4;  11.7;  990.49;   13.6;   76.42;   18.0;    9.5;    4.9;eor
        403;20190510;-999;-999;-999;    3;   0.4;   6;    4.400;   0;   6.1;  11.3;  997.68;   12.4;   78.63;   16.9;    6.8;    2.0;eor
        403;20190511;-999;-999;-999;    3;   1.2;   6;    3.250;   0;   6.9;   9.5; 1004.30;   10.7;   75.21;   15.1;    5.4;    0.9;eor
        403;20190512;-999;-999;-999;    3;   0.0;   0;   12.333;   0;   5.0;   6.9; 1017.55;   11.6;   51.96;   16.9;    6.0;   -0.8;eor
        403;20190513;-999;-999;-999;    3;   0.0;   0;   10.683;   0;   2.7;   6.5; 1024.62;   10.0;   54.46;   15.8;    3.9;   -0.4;eor
        403;20190514;-999;-999;-999;    3;   0.0;   0;    8.933;   0;   3.3;   6.8; 1021.98;    8.9;   60.71;   14.0;    4.8;   -1.3;eor
        403;20190515;-999;-999;-999;    3;   3.9;   6;    2.800;   0;   6.0;   6.8; 1015.61;    8.7;   61.04;   13.1;    2.7;   -3.1;eor
        403;20190516;-999;-999;-999;    3;   7.9;   6;    0.000;   0;   7.3;  11.4; 1006.23;    9.1;   98.33;   11.4;    6.1;    2.5;eor
        403;20190517;-999;-999;-999;    3;   0.0;   0;    6.567;   0;   5.0;  11.3; 1001.82;   13.4;   75.67;   20.2;    6.1;    3.7;eor
        403;20190518;-999;-999;-999;    3;   0.0;   0;   14.617;   0;   1.5;  11.5;  998.27;   16.8;   65.46;   24.4;    9.3;    4.3;eor
        403;20190519;-999;-999;-999;    3;   6.4;   6;   10.183;   0;   4.0;  14.5;  996.03;   17.8;   74.13;   25.9;    9.7;    5.5;eor
        403;20190520;-999;-999;-999;    3;  11.5;   6;    7.167;   0;   6.3;  16.3;  992.91;   17.6;   83.58;   25.5;   12.6;    9.1;eor
        403;20190521;-999;-999;-999;    3;   1.1;   6;   10.033;   0;   4.7;  14.8;  995.74;   17.4;   76.92;   23.6;   11.3;    7.5;eor
        403;20190522;-999;-999;-999;    3;   0.7;   6;    0.000;   0;   7.8;  13.2; 1003.42;   12.6;   89.96;   15.6;   11.3;   10.9;eor
        403;20190523;-999;-999;-999;    3;   0.0;   0;   11.283;   0;   5.8;   9.7; 1008.22;   13.3;   65.71;   19.3;    7.6;    5.4;eor
        403;20190524;-999;-999;-999;    3;   0.0;   0;   13.267;   0;   6.3;  10.2; 1004.07;   16.8;   57.75;   23.2;    7.5;    4.3;eor
        403;20190525;-999;-999;-999;    3;   0.0;   0;    3.700;   0;   5.4;  10.4; 1005.20;   13.2;   68.75;   15.8;    9.5;    5.3;eor
        403;20190526;-999;-999;-999;    3;   0.0;   0;    6.733;   0;   6.4;  10.8; 1002.44;   15.8;   63.08;   21.0;    7.1;    3.1;eor
        403;20190527;-999;-999;-999;    3;   0.1;   6;    1.800;   0;   7.3;  13.9;  997.62;   17.6;   69.13;   21.2;   14.9;   13.4;eor
        403;20190528;-999;-999;-999;    3;   0.0;   0;    5.050;   0;   6.8;  11.2;  997.48;   15.2;   65.46;   19.0;    9.3;    4.1;eor
        403;20190529;-999;-999;-999;    3;   0.0;   0;   11.633;   0;   4.2;   8.0; 1010.64;   12.1;   58.25;   17.5;    5.9;    1.8;eor
        403;20190530;-999;-999;-999;    3;   0.0;   4;   11.500;   0;   4.4;   9.7; 1013.89;   15.3;   59.46;   23.3;    4.4;    0.6;eor
        403;20190531;-999;-999;-999;    3;   3.1;   6;    6.717;   0;   5.6;  16.3; 1012.97;   18.5;   77.42;   24.2;   12.1;    8.0;eor
        403;20190601;-999;-999;-999;    3;   0.0;   0;   12.700;   0;   4.0;  15.2; 1011.15;   20.3;   68.00;   27.1;   14.0;   10.3;eor
        403;20190602;-999;-999;-999;    3;   0.0;   0;   13.367;   0;   3.1;  15.5; 1007.62;   22.7;   60.25;   31.3;   14.6;   10.1;eor
        403;20190603;-999;-999;-999;    3;   0.0;   6;   11.933;   0;   2.9;  15.3; 1003.78;   24.8;   52.83;   33.2;   15.6;   11.4;eor
        403;20190604;-999;-999;-999;    3;   0.0;   0;   11.550;   0;   2.9;  17.0; 1002.47;   23.6;   61.00;   30.6;   17.2;   13.3;eor
        403;20190605;-999;-999;-999;    3;   0.0;   0;   14.183;   0;   1.3;  17.0;  999.16;   25.7;   56.08;   33.6;   16.0;   12.2;eor
        403;20190606;-999;-999;-999;    3;   5.4;   6;    8.367;   0;   4.8;  19.0;  999.29;   21.0;   78.29;   31.7;   14.5;   14.1;eor
        403;20190607;-999;-999;-999;    3;   0.1;   6;   14.133;   0;   2.5;  15.0; 1004.55;   19.4;   68.92;   25.7;   12.8;   10.1;eor
        403;20190608;-999;-999;-999;    3;   0.0;   6;    8.617;   0;   3.8;  11.9; 1009.54;   17.9;   59.25;   22.6;   10.4;    5.9;eor
        403;20190609;-999;-999;-999;    3;   3.4;   6;   12.450;   0;   4.7;  11.0; 1013.62;   18.8;   53.92;   25.9;    8.7;    4.8;eor
        403;20190610;-999;-999;-999;    3;   1.8;   6;    5.750;   0;   6.8;  17.7; 1003.88;   21.1;   71.96;   27.2;   14.5;   14.0;eor
        403;20190611;-999;-999;-999;    3;  48.0;   6;   11.267;   0;   6.3;  20.2; 1000.25;   23.0;   74.79;   29.1;   16.8;   14.6;eor
        403;20190612;-999;-999;-999;    3;  13.6;   6;    9.650;   0;   5.9;  19.7;  998.63;   22.0;   79.04;   33.0;   16.6;   15.5;eor
        403;20190613;-999;-999;-999;    3;   0.0;   6;    8.900;   0;   3.6;  15.1; 1005.27;   18.9;   72.29;   24.6;   14.7;   12.5;eor
        403;20190614;-999;-999;-999;    3;   0.0;   6;   12.050;   0;   4.1;  14.8; 1007.85;   22.8;   56.33;   29.5;   12.8;   10.1;eor
        403;20190615;-999;-999;-999;    3;   0.0;   0;   10.800;   0;   5.4;  19.7; 1001.65;   24.9;   62.88;   31.5;   17.4;   15.7;eor
        403;20190616;-999;-999;-999;    3;   0.0;   6;    5.800;   0;   6.8;  14.8; 1009.99;   17.9;   72.96;   21.5;   14.0;   11.3;eor
        403;20190617;-999;-999;-999;    3;   0.0;   0;   10.300;   0;   3.2;  15.2; 1011.72;   20.4;   66.13;   27.1;   14.4;   12.0;eor
        403;20190618;-999;-999;-999;    3;   0.0;   0;   15.283;   0;   2.6;  14.9; 1007.27;   22.8;   57.08;   29.4;   14.6;   11.1;eor
        403;20190619;-999;-999;-999;    3;   0.9;   6;   12.767;   0;   5.3;  17.8; 1000.28;   24.3;   60.88;   32.1;   16.6;   12.6;eor
        403;20190620;-999;-999;-999;    3;   1.9;   6;    6.983;   0;   6.0;  19.2; 1000.97;   21.0;   78.21;   25.7;   17.1;   14.2;eor
        403;20190621;-999;-999;-999;    3;   0.0;   0;   10.033;   0;   4.8;  15.5; 1007.42;   19.5;   70.79;   24.7;   14.9;   10.7;eor
        403;20190622;-999;-999;-999;    3;   0.0;   0;   12.417;   0;   2.8;  14.5; 1012.16;   20.1;   63.38;   25.7;   14.2;    9.9;eor
        403;20190623;-999;-999;-999;    3;   0.0;   0;   14.550;   0;   1.4;  13.2; 1012.80;   21.2;   53.63;   27.8;   14.0;   10.0;eor
        403;20190624;-999;-999;-999;    3;   0.0;   0;   15.900;   0;   3.7;  12.4; 1014.22;   22.8;   47.75;   29.7;   14.8;   10.1;eor
        403;20190625;-999;-999;-999;    3;   0.0;   0;   15.367;   0;   4.5;  16.1; 1012.10;   25.5;   51.17;   33.5;   17.5;   12.5;eor
        403;20190626;-999;-999;-999;    3;   0.0;   0;   15.100;   0;   2.0;  19.0; 1009.91;   27.9;   53.67;   36.1;   18.7;   15.1;eor
        403;20190627;-999;-999;-999;    3;   0.0;   0;   14.367;   0;   1.7;  12.5; 1013.56;   19.3;   57.83;   25.3;   14.6;   12.8;eor
        403;20190628;-999;-999;-999;    3;   0.0;   0;   10.550;   0;   3.3;  12.9; 1014.31;   17.9;   64.96;   23.9;   11.7;    8.4;eor
        403;20190629;-999;-999;-999;    3;   0.0;   0;   15.683;   0;   0.6;  13.5; 1010.94;   21.7;   57.00;   30.3;   12.2;    8.4;eor
        403;20190630;-999;-999;-999;    3;   0.0;   6;   15.033;   0;   1.3;  15.6; 1003.23;   27.6;   47.58;   37.6;   14.6;   10.1;eor
        403;20190701;-999;-999;-999;    3;   0.0;   6;    9.867;   0;   4.2;  14.4; 1004.59;   22.3;   53.58;   28.0;   16.7;   15.1;eor
        403;20190702;-999;-999;-999;    3;   0.0;   0;   10.300;   0;   3.0;  11.9; 1009.22;   17.5;   60.29;   21.5;   12.5;    9.4;eor
        403;20190703;-999;-999;-999;    3;   0.0;   0;    8.500;   0;   3.8;   9.3; 1012.62;   15.3;   54.96;   20.0;    9.8;    6.1;eor
        403;20190704;-999;-999;-999;    3;   0.0;   6;   12.017;   0;   4.1;   9.7; 1011.53;   16.6;   53.00;   22.7;    9.5;    6.7;eor
        403;20190705;-999;-999;-999;    3;   0.0;   6;    0.067;   0;   7.3;  12.6; 1004.56;   18.4;   59.50;   20.8;   13.9;   10.4;eor
        403;20190706;-999;-999;-999;    3;   7.1;   6;    1.417;   0;   7.3;  14.9;  999.54;   17.4;   76.67;   23.3;   12.9;   10.3;eor
        403;20190707;-999;-999;-999;    3;   0.0;   6;    3.150;   0;   6.4;  10.1; 1001.02;   14.8;   61.42;   18.8;   11.3;    9.3;eor
        403;20190708;-999;-999;-999;    3;   0.2;   6;    2.267;   0;   6.6;  10.6; 1005.25;   14.1;   65.71;   17.6;   11.2;    9.1;eor
        403;20190709;-999;-999;-999;    3;   0.0;   0;    4.933;   0;   4.6;  11.1; 1007.14;   14.3;   68.63;   18.3;    9.8;    7.7;eor
        403;20190710;-999;-999;-999;    3;   0.0;   6;    9.767;   0;   4.3;  11.6; 1007.16;   16.0;   66.08;   22.1;   10.0;    8.3;eor
        403;20190711;-999;-999;-999;    3;   1.2;   6;    9.250;   0;   5.1;  12.2; 1003.49;   18.0;   62.58;   23.6;    9.1;    6.6;eor
        403;20190712;-999;-999;-999;    3;   0.5;   6;    1.367;   0;   6.7;  17.1; 1000.59;   17.9;   84.38;   21.6;   14.9;   12.4;eor
        403;20190713;-999;-999;-999;    3;   2.5;   6;    7.283;   0;   5.8;  16.0; 1002.33;   18.6;   77.83;   26.3;   14.9;   13.9;eor
        403;20190714;-999;-999;-999;    3;   0.0;   0;    2.917;   0;   6.0;  15.3; 1006.65;   16.6;   81.96;   20.2;   14.5;   11.3;eor
        403;20190715;-999;-999;-999;    3;   0.0;   6;    0.267;   0;   7.4;  12.6; 1006.81;   15.3;   72.96;   17.4;   13.0;   12.1;eor
        403;20190716;-999;-999;-999;    3;   0.0;   0;    3.233;   0;   6.0;  13.6; 1004.67;   16.5;   73.04;   20.7;   12.7;   12.3;eor
        403;20190717;-999;-999;-999;    3;   0.0;   0;    8.333;   0;   3.7;  13.2; 1004.63;   16.7;   72.17;   23.2;   11.3;    8.9;eor
        403;20190718;-999;-999;-999;    3;   0.0;   0;   11.350;   0;   3.4;  12.8; 1002.78;   19.9;   58.54;   26.7;   11.6;    8.4;eor
        403;20190719;-999;-999;-999;    3;   0.0;   6;    2.933;   0;   6.6;  16.1; 1003.48;   20.3;   68.54;   24.5;   14.8;   12.6;eor
        403;20190720;-999;-999;-999;    3;  19.1;   6;   10.950;   0;   5.7;  16.2; 1004.38;   22.2;   66.46;   30.8;   13.6;   11.0;eor
        403;20190721;-999;-999;-999;    3;   0.0;   0;    9.750;   0;   4.1;  16.8; 1008.19;   20.6;   71.79;   25.9;   16.1;   14.0;eor
        403;20190722;-999;-999;-999;    3;   0.0;   6;    4.350;   0;   7.0;  16.0; 1012.82;   19.8;   70.46;   24.4;   14.0;   12.3;eor
        403;20190723;-999;-999;-999;    3;   0.0;   0;   15.267;   0;   0.8;  17.9; 1011.23;   23.1;   66.13;   29.9;   15.9;   14.2;eor
        403;20190724;-999;-999;-999;    3;   0.0;   0;   15.317;   0;   1.6;  16.7; 1008.63;   24.4;   59.17;   32.0;   16.1;   13.6;eor
        403;20190725;-999;-999;-999;    3;   0.0;   0;   14.800;   0;   1.6;  17.5; 1008.12;   25.7;   56.58;   32.9;   17.2;   14.2;eor
        403;20190726;-999;-999;-999;    3;   0.0;   0;   15.033;   0;   0.8;  15.8; 1004.05;   24.6;   53.63;   30.7;   18.8;   16.3;eor
        403;20190727;-999;-999;-999;    3;   0.0;   0;   12.183;   0;   1.9;  15.9;  997.45;   23.3;   56.42;   28.4;   18.9;   16.5;eor
        403;20190728;-999;-999;-999;    3;   0.0;   0;   12.117;   0;   4.4;  18.8;  993.27;   24.5;   62.42;   30.7;   17.8;   16.7;eor
        403;20190729;-999;-999;-999;    3;   1.1;   6;    5.717;   0;   6.0;  21.6;  997.74;   24.9;   71.58;   33.3;   20.3;   19.2;eor
        403;20190730;-999;-999;-999;    3;   0.0;   0;    2.900;   0;   6.6;  22.3; 1001.30;   21.9;   85.88;   26.0;   18.5;   15.4;eor
        403;20190731;-999;-999;-999;    3;  23.2;   6;    3.100;   0;   5.3;  19.4; 1004.95;   19.2;   88.21;   23.3;   15.0;   13.4;eor
        403;20190801;-999;-999;-999;    3;   0.3;   6;    6.033;   0;   5.1;  16.3; 1006.85;   18.7;   78.33;   24.4;   14.2;   12.6;eor
        403;20190802;-999;-999;-999;    3;   8.5;   6;    7.250;   0;   3.5;  16.6; 1005.06;   17.5;   85.75;   25.3;   13.0;   11.4;eor
        403;20190803;-999;-999;-999;    3;   0.0;   6;   10.633;   0;   4.8;  14.8; 1004.75;   19.0;   70.75;   25.6;   14.4;   12.7;eor
        403;20190804;-999;-999;-999;    3;   0.0;   0;    7.117;   0;   4.3;  15.2; 1005.95;   18.4;   74.17;   23.9;   13.3;   11.4;eor
        403;20190805;-999;-999;-999;    3;   0.0;   6;    4.600;   0;   6.0;  15.7; 1002.33;   19.3;   72.46;   24.3;   12.2;   10.6;eor
        403;20190806;-999;-999;-999;    3;   1.0;   6;    7.767;   0;   5.8;  18.2;  999.85;   21.0;   75.79;   28.3;   15.5;   12.9;eor
        403;20190807;-999;-999;-999;    3;   5.5;   6;    3.950;   0;   6.6;  18.6;  997.17;   20.1;   79.92;   25.3;   16.0;   14.1;eor
        403;20190808;-999;-999;-999;    3;   0.0;   0;   11.650;   0;   2.4;  14.4; 1000.55;   20.0;   65.38;   26.1;   13.7;   11.8;eor
        403;20190809;-999;-999;-999;    3;   0.0;   6;   10.433;   0;   5.1;  15.1; 1002.22;   20.9;   64.58;   27.5;   12.2;   10.6;eor
        403;20190810;-999;-999;-999;    3;   0.0;   0;    7.300;   0;   5.3;  17.2; 1001.03;   23.2;   60.71;   28.1;   18.5;   14.7;eor
        403;20190811;-999;-999;-999;    3;   0.0;   6;   10.083;   0;   3.9;  14.6; 1004.74;   22.0;   57.75;   28.6;   14.8;   11.8;eor
        403;20190812;-999;-999;-999;    3;   0.0;   0;    4.583;   0;   6.5;  14.6; 1004.41;   19.9;   63.38;   22.9;   16.1;   14.0;eor
        403;20190813;-999;-999;-999;    3;   0.0;   6;    9.917;   0;   4.4;  12.4; 1005.48;   17.6;   62.67;   22.1;   11.5;    8.4;eor
        403;20190814;-999;-999;-999;    3;   0.0;   0;   11.750;   0;   2.8;  10.9; 1007.35;   16.0;   62.54;   22.0;   10.4;    7.5;eor
        403;20190815;-999;-999;-999;    3;   0.1;   6;    1.933;   0;   6.3;  13.2; 1003.05;   17.3;   67.83;   22.6;    9.7;    7.0;eor
        403;20190816;-999;-999;-999;    3;   0.0;   0;    5.567;   0;   4.8;  14.9; 1005.48;   17.6;   75.75;   23.2;   12.4;    9.9;eor
        403;20190817;-999;-999;-999;    3;   0.3;   6;    3.500;   0;   6.8;  13.9; 1001.30;   19.6;   63.54;   27.7;   11.9;    9.4;eor
        403;20190818;-999;-999;-999;    3;  10.4;   6;    2.467;   0;   6.6;  19.8;  998.15;   19.8;   86.96;   26.5;   16.6;   14.8;eor
        403;20190819;-999;-999;-999;    3;   0.0;   0;    9.117;   0;   4.6;  14.7; 1006.00;   18.1;   74.21;   23.8;   12.4;   10.7;eor
        403;20190820;-999;-999;-999;    3;   0.5;   6;    6.083;   0;   6.7;  12.9; 1011.89;   18.1;   66.25;   24.2;   10.7;    9.1;eor
        403;20190821;-999;-999;-999;    3;   0.0;   0;   11.783;   0;   2.7;  12.8; 1017.38;   17.0;   68.92;   23.1;   11.1;    9.5;eor
        403;20190822;-999;-999;-999;    3;   0.0;   0;   12.600;   0;   1.8;  12.6; 1017.57;   17.9;   66.50;   26.3;    9.4;    7.4;eor
        403;20190823;-999;-999;-999;    3;   0.0;   0;   13.217;   0;   1.1;  14.0; 1016.43;   19.5;   66.71;   28.0;   11.3;    9.0;eor
        403;20190824;-999;-999;-999;    3;   0.0;   0;   11.683;   0;   1.3;  15.1; 1014.02;   21.2;   63.33;   29.1;   12.6;   10.2;eor
        403;20190825;-999;-999;-999;    3;   0.0;   6;   11.500;   0;   1.8;  16.5; 1011.52;   24.2;   55.42;   31.2;   18.7;   15.9;eor
        403;20190826;-999;-999;-999;    3;   1.6;   6;    6.517;   0;   4.3;  19.0; 1010.32;   23.0;   70.33;   31.7;   16.8;   14.0;eor
        403;20190827;-999;-999;-999;    3;   0.0;   0;    9.967;   0;   3.2;  19.9; 1008.05;   23.8;   71.83;   31.4;   17.2;   15.8;eor
        403;20190828;-999;-999;-999;    3;   0.0;   6;    8.233;   0;   3.7;  19.4; 1005.25;   24.3;   67.67;   33.4;   17.7;   15.4;eor
        403;20190829;-999;-999;-999;    3;   0.0;   0;   11.567;   0;   4.5;  18.1; 1007.68;   23.4;   65.83;   30.0;   16.3;   14.1;eor
        403;20190830;-999;-999;-999;    3;   0.0;   0;    9.267;   0;   3.8;  19.6; 1011.90;   24.1;   66.71;   29.9;   19.5;   16.7;eor
        403;20190831;-999;-999;-999;    3;   0.0;   0;   11.700;   0;   0.7;  19.1; 1005.96;   25.3;   63.00;   33.4;   18.0;   15.7;eor
        403;20190901;-999;-999;-999;    3;   0.0;   0;    8.383;   0;   3.9;  17.9; 1001.13;   22.4;   67.04;   29.6;   16.2;   15.2;eor
        403;20190902;-999;-999;-999;    3;   0.0;   0;    9.817;   0;   2.2;  11.7; 1010.77;   16.1;   66.21;   21.6;    9.9;    7.1;eor
        403;20190903;-999;-999;-999;    3;   0.0;   6;    2.767;   0;   4.4;  11.8; 1012.47;   15.2;   70.71;   20.9;    8.1;    5.7;eor
        403;20190904;-999;-999;-999;    3;   0.3;   6;   10.283;   0;   4.5;  13.5; 1006.13;   19.1;   64.75;   26.7;   13.0;   10.2;eor
        403;20190905;-999;-999;-999;    3;   0.0;   4;    6.833;   0;   4.3;  12.6; 1005.93;   17.0;   66.17;   21.8;   11.8;   10.2;eor
        403;20190906;-999;-999;-999;    3;   0.0;   0;   11.700;   0;   1.4;  10.0; 1012.94;   13.5;   67.54;   20.5;    7.9;    4.9;eor
        403;20190907;-999;-999;-999;    3;   0.0;   6;    2.750;   0;   6.0;  11.1; 1008.67;   13.3;   75.33;   20.0;    6.4;    3.9;eor
        403;20190908;-999;-999;-999;    3;   1.7;   6;    4.783;   0;   6.8;  12.4; 1007.89;   15.8;   71.50;   20.7;   11.6;   10.7;eor
        403;20190909;-999;-999;-999;    3;  15.7;   6;    0.000;   0;   8.0;  14.9; 1001.83;   13.4;   96.96;   14.8;   11.7;   11.5;eor
        403;20190910;-999;-999;-999;    3;   0.0;   0;    9.283;   0;   3.9;  11.5; 1005.41;   14.6;   71.63;   19.5;    8.7;    6.2;eor
        403;20190911;-999;-999;-999;    3;   0.7;   6;   10.383;   0;   2.5;  10.6; 1012.07;   14.7;   67.71;   22.5;    6.3;    4.6;eor
        403;20190912;-999;-999;-999;    3;   0.0;   0;    3.467;   0;   6.0;  15.9; 1016.41;   16.8;   84.29;   22.0;   13.3;   11.0;eor
        403;20190913;-999;-999;-999;    3;   0.0;   6;    3.633;   0;   5.9;  13.8; 1018.98;   16.3;   74.92;   22.3;    9.4;    7.1;eor
        403;20190914;-999;-999;-999;    3;   0.0;   0;   11.467;   0;   3.4;  10.2; 1022.70;   12.2;   75.58;   18.6;    6.9;    4.3;eor
        403;20190915;-999;-999;-999;    3;   0.2;   6;   10.150;   0;   6.8;  10.7; 1010.87;   15.6;   65.79;   23.2;    6.7;    4.5;eor
        403;20190916;-999;-999;-999;    3;   0.3;   6;    1.067;   0;   7.0;  13.1; 1008.59;   13.6;   84.46;   15.8;   12.1;   10.8;eor
        403;20190917;-999;-999;-999;    3;   1.8;   6;    3.900;   0;   5.2;  11.2; 1004.80;   11.7;   80.96;   15.3;    8.9;    7.5;eor
        403;20190918;-999;-999;-999;    3;   0.0;   6;    7.383;   0;   3.0;   8.8; 1011.43;   11.3;   67.75;   16.3;    7.3;    5.8;eor
        403;20190919;-999;-999;-999;    3;   0.0;   0;    8.450;   0;   4.1;   9.2; 1016.96;   10.3;   75.04;   16.0;    5.2;    2.7;eor
        403;20190920;-999;-999;-999;    3;   0.0;   0;    6.867;   0;   5.3;  10.0; 1017.78;   10.9;   78.04;   16.4;    3.9;    1.3;eor
        403;20190921;-999;-999;-999;    3;   0.0;   0;   11.600;   0;   1.9;  10.5; 1012.69;   12.5;   76.21;   21.2;    5.1;    2.8;eor
        403;20190922;-999;-999;-999;    3;   0.0;   0;   11.367;   0;   0.5;  10.7; 1004.80;   14.8;   69.50;   25.2;    6.6;    3.1;eor
        403;20190923;-999;-999;-999;    3;   0.0;   0;   10.583;   0;   5.0;  11.6; 1003.99;   15.4;   70.00;   23.0;    7.7;    3.7;eor
        403;20190924;-999;-999;-999;    3;   0.0;   6;    1.650;   0;   7.0;  15.4; 1002.80;   14.6;   92.88;   18.9;   12.2;    9.5;eor
        403;20190925;-999;-999;-999;    3;   1.7;   6;    0.117;   0;   6.6;  15.3;  997.06;   14.1;   95.54;   16.9;   10.1;    7.2;eor
        403;20190926;-999;-999;-999;    3;   0.1;   6;    6.750;   0;   3.9;  14.0; 1001.30;   14.3;   87.04;   20.3;    8.2;    5.3;eor
        403;20190927;-999;-999;-999;    3;  12.5;   6;    0.433;   0;   5.9;  16.3; 1000.12;   14.5;   98.21;   16.7;   10.6;    7.5;eor
        403;20190928;-999;-999;-999;    3;   9.0;   6;    4.450;   0;   5.5;  14.7; 1000.97;   13.7;   94.00;   18.6;   10.9;    8.3;eor
        403;20190929;-999;-999;-999;    3;   8.0;   6;    0.700;   0;   6.8;  14.3;  993.62;   14.0;   89.21;   16.4;   11.2;    8.6;eor
        403;20190930;-999;-999;-999;    3;   3.8;   6;    2.067;   0;   6.2;  13.9;  990.78;   14.1;   86.74;   16.8;   10.2;    8.2;eor
        403;20191001;-999;-999;-999;    3;  14.5;   6;    0.050;   0;   7.2;  14.4;  992.14;   13.5;   93.08;   16.8;   10.0;    8.1;eor
        403;20191002;-999;-999;-999;    3;   1.9;   6;    3.283;   0;   5.1;  10.6;  995.02;    9.8;   87.04;   13.1;    6.5;    4.5;eor
        403;20191003;-999;-999;-999;    3;   0.6;   6;    1.833;   0;   6.7;  10.3; 1002.54;    9.0;   90.29;   12.4;    6.1;    3.8;eor
        403;20191004;-999;-999;-999;    3;  14.3;   6;    3.000;   0;   7.0;  10.2; 1000.56;    8.3;   93.71;   11.2;    4.1;    1.9;eor
        403;20191005;-999;-999;-999;    3;   0.1;   6;    1.683;   0;   5.5;   9.6; 1003.99;    8.4;   87.54;   11.9;    4.1;    1.3;eor
        403;20191006;-999;-999;-999;    3;   0.0;   0;    7.983;   0;   3.5;   7.5; 1010.64;    5.9;   82.96;   12.9;    1.5;   -1.0;eor
        403;20191007;-999;-999;-999;    3;   0.0;   0;    7.650;   0;   3.6;   6.8; 1009.88;    5.0;   81.71;   12.1;    0.1;   -2.1;eor
        403;20191008;-999;-999;-999;    3;   2.4;   6;    0.000;   0;   7.5;  11.5;  998.07;    9.6;   94.00;   12.9;    3.6;    2.7;eor
        403;20191009;-999;-999;-999;    3;   2.7;   6;    3.700;   0;   4.8;  11.6;  996.91;   12.0;   84.00;   15.7;    8.7;    4.7;eor
        403;20191010;-999;-999;-999;    3;   1.0;   6;    5.283;   0;   5.1;  10.7; 1000.45;   10.9;   83.21;   14.8;    8.6;    5.9;eor
        403;20191011;-999;-999;-999;    1;   1.1;   6;    1.617;   0;   7.1;  11.8; 1003.21;   12.7;   80.17;   15.6;    8.8;    6.7;eor
        403;20191012;-999;-999;-999;    1;   0.0;   0;    6.083;   0;   5.0;  13.1; 1000.90;   15.8;   74.04;   20.1;   11.5;    9.2;eor
        403;20191013;-999;-999;-999;    1;   0.0;   6;    5.750;   0;   4.0;  16.1; 1002.68;   18.3;   77.17;   24.2;   11.8;    9.3;eor
        403;20191014;-999;-999;-999;    1;   0.0;   0;    9.700;   0;   2.9;  15.7; 1004.40;   17.7;   78.75;   22.5;   13.2;   10.0;eor
        403;20191015;-999;-999;-999;    1;   0.0;   0;    9.133;   0;   3.9;  14.7;  998.10;   15.0;   87.63;   22.0;   10.3;    7.5;eor
        403;20191016;-999;-999;-999;    1;   6.3;   6;    0.050;   0;   5.5;  13.1;  998.99;   11.4;   97.42;   14.2;    8.4;    5.7;eor
        403;20191017;-999;-999;-999;    1;   0.6;   6;    1.217;   0;   6.4;  12.7; 1003.18;   14.0;   80.75;   17.6;   11.3;    8.9;eor
        403;20191018;-999;-999;-999;    1;   5.9;   6;    6.617;   0;   5.7;  13.4; 1000.94;   14.2;   83.88;   19.3;    8.1;    6.4;eor
        403;20191019;-999;-999;-999;    1;   0.0;   6;    1.067;   0;   7.0;  12.1; 1000.93;   11.6;   89.38;   16.0;    7.4;    6.0;eor
        403;20191020;-999;-999;-999;    1;   0.0;   0;    5.733;   0;   5.6;  13.4; 1001.47;   14.1;   84.58;   20.5;   10.1;    7.8;eor
        403;20191021;-999;-999;-999;    1;   0.0;   0;    1.667;   0;   6.1;  14.4; 1007.76;   13.6;   92.54;   17.8;    9.8;    7.5;eor
        403;20191022;-999;-999;-999;    1;   0.0;   0;    6.400;   0;   4.6;  12.2; 1013.92;   12.3;   86.75;   17.6;    7.3;    5.2;eor
        403;20191023;-999;-999;-999;    1;   0.1;   6;    6.900;   0;   5.1;  12.4; 1010.04;   11.6;   90.67;   17.5;    6.6;    4.8;eor
        403;20191024;-999;-999;-999;    1;   0.0;   6;    2.117;   0;   6.5;  14.4; 1001.60;   13.3;   94.96;   17.1;   10.0;    7.3;eor
        403;20191025;-999;-999;-999;    1;   0.0;   0;    6.483;   0;   5.8;  12.3; 1008.69;   13.3;   82.42;   18.2;    9.3;    6.7;eor
        403;20191026;-999;-999;-999;    1;   0.0;   0;    8.083;   0;   6.1;  11.8; 1006.30;   13.8;   75.54;   17.6;    9.9;    6.4;eor
        403;20191027;-999;-999;-999;    1;   0.6;   6;    0.000;   0;   5.9;  10.1; 1005.91;   11.4;   74.50;   16.5;    5.3;    1.9;eor
        403;20191028;-999;-999;-999;    1;   2.4;   6;    6.400;   0;   2.5;   9.1; 1010.25;    7.9;   86.21;   12.2;    5.1;    2.8;eor
        403;20191029;-999;-999;-999;    1;   0.0;   0;    3.383;   0;   4.1;   7.8; 1014.96;    4.6;   92.42;    8.8;   -0.1;   -2.6;eor
        403;20191030;-999;-999;-999;    1;   0.0;   0;    7.383;   0;   1.8;   6.1; 1020.45;    2.3;   86.08;    9.9;   -1.6;   -3.7;eor
        403;20191031;-999;-999;-999;    1;   0.0;   0;    8.733;   0;   3.4;   5.6; 1017.42;    0.9;   87.58;    7.5;   -2.7;   -4.7;eor
        403;20191101;-999;-999;-999;    1;   1.2;   6;    6.250;   0;   5.1;   6.4; 1003.71;    2.5;   86.79;    7.0;   -2.4;   -4.9;eor
        403;20191102;-999;-999;-999;    1;   0.4;   6;    0.600;   0;   6.6;  12.2;  984.98;   11.0;   92.17;   16.2;    6.4;    5.8;eor
        403;20191103;-999;-999;-999;    1;   4.7;   6;    0.000;   0;   7.2;  12.4;  981.22;   10.5;   97.42;   12.9;    7.0;    4.0;eor
        403;20191104;-999;-999;-999;    1;   5.1;   6;    0.767;   0;   7.0;  11.6;  981.00;    9.9;   95.13;   13.0;    7.9;    5.5;eor
        403;20191105;-999;-999;-999;    1;   0.8;   6;    0.550;   0;   6.4;  10.7;  986.15;    9.0;   93.42;   11.2;    6.9;    4.5;eor
        403;20191106;-999;-999;-999;    1;   1.6;   6;    0.000;   0;   7.6;  10.2;  990.57;    7.9;   96.21;    9.0;    5.4;    3.2;eor
        403;20191107;-999;-999;-999;    1;   0.0;   6;    1.083;   0;   7.0;   9.7;  994.10;    7.9;   91.13;   11.7;    5.5;    4.0;eor
        403;20191108;-999;-999;-999;    1;   1.6;   6;    0.333;   0;   7.0;   9.1;  997.33;    7.0;   91.13;   10.2;    2.8;    0.7;eor
        403;20191109;-999;-999;-999;    1;   0.5;   6;    0.000;   0;   7.1;   9.6;  997.15;    6.5;   98.83;    7.6;    2.8;    0.3;eor
        403;20191110;-999;-999;-999;    1;   0.0;   0;    5.950;   0;   4.0;   7.7; 1003.98;    4.4;   92.88;    8.8;    1.7;   -0.8;eor
        403;20191111;-999;-999;-999;    1;   0.0;   0;    3.933;   0;   5.6;   6.6; 1001.87;    2.4;   90.54;    7.0;    0.3;   -2.1;eor
        403;20191112;-999;-999;-999;    1;   0.0;   0;    1.533;   0;   6.7;   6.9;  996.41;    4.0;   84.42;    7.7;    0.3;   -1.7;eor
        403;20191113;-999;-999;-999;    1;   0.0;   0;    0.000;   0;   7.0;   7.4;  993.63;    4.4;   89.17;    6.7;    1.9;   -0.8;eor
        403;20191114;-999;-999;-999;    1;   0.0;   0;    6.617;   0;   4.3;   7.3;  999.20;    4.9;   84.46;    9.3;    2.0;   -0.6;eor
        403;20191115;-999;-999;-999;    1;   0.9;   6;    0.150;   0;   7.6;   8.9;  996.79;    7.0;   87.67;    9.6;    3.8;    3.3;eor
        403;20191116;-999;-999;-999;    1;   1.1;   6;    0.000;   0;   6.0;   8.8;  998.15;    5.6;   95.75;    8.0;    0.5;   -2.4;eor
        403;20191117;-999;-999;-999;    1;   1.5;   6;    0.000;   0;   5.5;   8.0; 1002.29;    3.8;   98.38;    7.9;   -0.9;   -3.1;eor
        403;20191118;-999;-999;-999;    1;   0.8;   6;    0.000;   0;   5.8;   9.8;  997.08;    7.5;   93.92;   10.7;    3.6;    0.8;eor
        403;20191119;-999;-999;-999;    1;   6.6;   6;    5.050;   0;   5.8;   7.3; 1005.98;    6.0;   78.29;    8.8;    4.0;    1.0;eor
        403;20191120;-999;-999;-999;    1;   0.0;   6;    0.000;   0;   8.0;   8.7; 1008.55;    5.2;   98.88;    6.1;    4.7;    4.4;eor
        403;20191121;-999;-999;-999;    1;   3.5;   6;    0.000;   0;   8.0;  10.5; 1002.19;    7.9;   98.54;    9.4;    6.0;    5.8;eor
        403;20191122;-999;-999;-999;    1;   0.0;   0;    1.000;   0;   6.8;  10.5; 1000.96;    8.2;   96.71;   10.2;    6.5;    2.8;eor
        403;20191123;-999;-999;-999;    1;   0.0;   0;    2.433;   0;   5.6;   8.5;  999.10;    5.9;   91.33;    8.4;    2.6;    0.4;eor
        403;20191124;-999;-999;-999;    1;   0.0;   0;    3.283;   0;   6.3;   7.7; 1001.30;    4.3;   92.50;    7.0;    2.5;    0.3;eor
        403;20191125;-999;-999;-999;    1;   0.0;   0;    0.000;   0;   8.0;   8.0; 1002.65;    4.3;   95.92;    5.0;    3.5;    3.6;eor
        403;20191126;-999;-999;-999;    1;   0.0;   0;    0.000;   0;   7.9;   8.6;  997.97;    6.1;   91.67;    8.0;    3.9;    2.8;eor
        403;20191127;-999;-999;-999;    1;   3.0;   6;    0.000;   0;   6.3;   9.0;  988.27;    6.1;   95.46;    7.5;    4.2;    1.6;eor
        403;20191128;-999;-999;-999;    1;   1.5;   6;    2.500;   0;   6.5;   9.3;  982.17;    9.8;   76.88;   12.5;    7.3;    5.4;eor
        403;20191129;-999;-999;-999;    1;   0.0;   6;    1.183;   0;   4.6;   6.9;  993.23;    5.2;   76.33;    9.2;    0.0;   -2.2;eor
        403;20191130;-999;-999;-999;    1;   0.0;   0;    4.050;   0;   3.1;   6.2; 1010.71;    1.3;   91.67;    4.4;   -2.2;   -4.9;eor
        403;20191201;-999;-999;-999;    1;   0.0;   8;    0.000;   0;   7.8;   7.0; 1012.20;    2.2;   97.54;    3.4;    0.5;    0.7;eor
        403;20191202;-999;-999;-999;    1;   1.0;   8;    0.000;   0;   6.7;   7.1; 1010.24;    2.9;   94.71;    4.5;    1.2;   -0.5;eor
        403;20191203;-999;-999;-999;    1;   0.1;   6;    4.867;   0;   4.9;   7.1; 1015.84;    2.3;   96.00;    5.4;   -2.7;   -4.8;eor
        403;20191204;-999;-999;-999;    1;   0.0;   0;    4.117;   0;   4.0;   7.0; 1013.45;    3.4;   89.88;    6.9;   -1.0;   -3.7;eor
        403;20191205;-999;-999;-999;    1;   0.0;   0;    7.417;   0;   1.1;   5.6; 1009.48;    0.4;   88.96;    4.3;   -2.6;   -4.9;eor
        403;20191206;-999;-999;-999;    1;   6.4;   6;    0.067;   0;   6.7;   6.3; 1000.33;    2.0;   87.92;    5.4;   -0.8;   -3.0;eor
        403;20191207;-999;-999;-999;    1;   0.7;   6;    0.250;   0;   7.0;   9.2;  996.95;    7.8;   87.08;    9.5;    5.4;    4.7;eor
        403;20191208;-999;-999;-999;    1;   0.2;   6;    0.517;   0;   7.4;   8.4;  992.63;    9.0;   73.13;   11.3;    7.5;    5.4;eor
        403;20191209;-999;-999;-999;    1;   1.9;   6;    3.933;   0;   5.3;   7.8;  990.58;    7.1;   77.38;    9.5;    4.7;    0.9;eor
        403;20191210;-999;-999;-999;    1;   0.0;   0;    6.900;   0;   0.8;   6.6; 1010.23;    2.9;   87.71;    5.6;    0.5;   -2.6;eor
        403;20191211;-999;-999;-999;    1;   1.0;   8;    0.183;   0;   6.5;   5.1; 1001.60;    2.7;   69.75;    4.2;    0.2;   -2.2;eor
        403;20191212;-999;-999;-999;    1;   0.0;   8;    0.000;   0;   7.1;   6.8;  992.33;    1.9;   96.83;    3.9;   -0.2;   -3.0;eor
        403;20191213;-999;-999;-999;    1;   0.5;   6;    4.100;   0;   4.5;   6.0;  976.75;    1.1;   90.42;    3.1;   -0.9;   -3.6;eor
        403;20191214;-999;-999;-999;    1;   5.1;   8;    0.233;   0;   7.4;   7.4;  979.64;    3.4;   94.17;    5.6;    1.8;    0.9;eor
        403;20191215;-999;-999;-999;    1;   1.6;   6;    2.133;   0;   4.2;   7.1;  991.64;    5.5;   78.00;    9.4;    1.9;   -1.6;eor
        403;20191216;-999;-999;-999;    1;   0.1;   6;    0.000;   0;   6.0;   8.1;  999.43;    5.5;   89.71;    7.8;    3.2;   -0.5;eor
        403;20191217;-999;-999;-999;    1;   0.1;   6;    0.200;   0;   6.4;   8.2;  996.73;    7.7;   79.79;   11.6;    2.6;   -1.1;eor
        403;20191218;-999;-999;-999;    1;   0.0;   0;    1.817;   0;   4.4;   7.8; 1005.93;    7.4;   76.88;   11.8;    0.4;   -2.8;eor
        403;20191219;-999;-999;-999;    1;   0.0;   0;    2.417;   0;   4.5;   8.2; 1006.53;    4.2;   98.71;    7.3;    0.6;   -2.6;eor
        403;20191220;-999;-999;-999;    1;   4.0;   6;    6.217;   0;   4.0;   8.8;  987.42;    5.9;   94.75;   10.2;    1.6;   -1.6;eor
        403;20191221;-999;-999;-999;    1;   0.0;   0;    4.433;   0;   4.7;   9.0;  983.83;    6.1;   94.92;    9.7;    0.5;   -2.7;eor
        403;20191222;-999;-999;-999;    1;   0.2;   6;    0.000;   0;   6.9;   7.3;  980.52;    2.4;  100.00;    4.6;    0.1;   -3.0;eor
